36.6503 -257.21 0 -0.141067 0.99 -0 0 -1 0
-46.5726 -252.013 42.6643 0.179258 0.97 -0.164215 0 -1 0
7.09239 -246.817 -80.8143 -0.0272986 0.95 0.311054 0 -1 0
58.1028 -241.621 75.7847 -0.223638 0.93 -0.291695 0 -1 0
-106.072 -236.425 -18.7626 0.40827 0.91 0.0722171 0 -1 0
99.953 -231.229 -63.5819 -0.384719 0.89 0.244727 0 -1 0
-33.2548 -226.033 123.707 0.127998 0.87 -0.476148 0 -1 0
-63.0808 -220.836 -121.458 0.242798 0.85 0.467492 0 -1 0
136.118 -215.64 49.71 -0.523919 0.83 -0.191334 0 -1 0
-140.832 -210.444 58.1336 0.542064 0.81 -0.223756 0 -1 0
67.5143 -205.248 -144.274 -0.259863 0.79 0.555312 0 -1 0
49.6119 -200.052 158.17 -0.190956 0.77 -0.608798 0 -1 0
-148.684 -194.856 -86.1649 0.572284 0.75 0.331649 0 -1 0
173.423 -189.66 -38.1269 -0.667506 0.73 0.146751 0 -1 0
-105.224 -184.463 149.67 0.405006 0.71 -0.576082 0 -1 0
-24.1669 -179.267 -186.492 0.0930184 0.69 0.717807 0 -1 0
147.479 -174.071 124.295 -0.567646 0.67 -0.478412 0 -1 0
-197.268 -168.875 8.15791 0.759285 0.65 -0.0313998 0 -1 0
143.017 -163.679 -142.321 -0.550473 0.63 0.547795 0 -1 0
-9.50932 -158.483 205.652 0.0366014 0.61 -0.791556 0 -1 0
-134.401 -153.286 -161.057 0.517311 0.59 0.619911 0 -1 0
211.563 -148.09 28.4654 -0.814307 0.57 -0.109563 0 -1 0
-178.112 -142.894 123.926 0.685552 0.55 -0.476989 0 -1 0
48.3552 -137.698 -214.944 -0.186119 0.53 0.827321 0 -1 0
111.111 -132.502 193.901 -0.427665 0.51 -0.746326 0 -1 0
-215.766 -127.306 -68.8344 0.830485 0.49 0.264944 0 -1 0
208.177 -122.11 -96.1842 -0.801275 0.47 0.370213 0 -1 0
-89.5714 -116.913 214.029 0.344761 0.45 -0.823796 0 -1 0
-79.3887 -111.717 -220.719 0.305567 0.43 0.849546 0 -1 0
209.761 -106.521 110.244 -0.80737 0.41 -0.424328 0 -1 0
-231.333 -101.325 60.9793 0.8904 0.39 -0.234709 0 -1 0
130.541 -96.1288 -203.023 -0.502453 0.37 0.781435 0 -1 0
41.2226 -90.9327 239.858 -0.158666 0.35 -0.923215 0 -1 0
-193.903 -85.7365 -150.169 0.746335 0.33 0.578 0 -1 0
246.165 -80.5404 -20.3949 -0.94749 0.31 0.0785001 0 -1 0
-168.848 -75.3442 182.52 0.649895 0.29 -0.702521 0 -1 0
1.21978 -70.1481 -250.155 -0.00469492 0.27 0.962849 0 -1 0
169.018 -64.9519 186.317 -0.650551 0.25 -0.717135 0 -1 0
-251.763 -59.7558 -23.3329 0.969038 0.23 0.0898083 0 -1 0
202.337 -54.5596 -153.567 -0.778796 0.21 0.591081 0 -1 0
-45.6538 -49.3635 250.956 0.175722 0.19 -0.965931 0 -1 0
-136.361 -44.1673 -216.691 0.524854 0.17 0.834043 0 -1 0
247.733 -38.9711 67.8931 -0.953526 0.15 -0.261321 0 -1 0
-229.186 -33.775 117.615 0.882136 0.13 -0.452699 0 -1 0
89.7652 -28.5788 -242.127 -0.345506 0.11 0.931947 0 -1 0
97.5612 -23.3827 239.656 -0.375513 0.09 -0.922437 0 -1 0
-234.201 -18.1865 -110.992 0.901439 0.07 0.427208 0 -1 0
247.965 -12.9904 -76.4504 -0.954417 0.05 0.294258 0 -1 0
-131.304 -7.79423 224.05 0.505388 0.03 -0.862371 0 -1 0
-54.5465 -2.59809 -254.004 0.20995 0.01 0.977661 0 -1 0
211.798 2.59808 150.449 -0.815211 -0.01 -0.579078 0 -1 0
-257.697 7.79422 32.1183 0.991876 -0.03 -0.123623 0 -1 0
168.187 12.9904 -197.596 -0.647353 -0.05 0.760548 0 -1 0
9.44691 18.1865 258.998 -0.0363612 -0.0699999 -0.996884 0 -1 0
-181.624 23.3827 -184.299 0.69907 -0.0899999 0.709366 0 -1 0
257.894 28.5788 13.1845 -0.992635 -0.11 -0.0507471 0 -1 0
-198.585 33.775 164.083 0.764354 -0.13 -0.631556 0 -1 0
35.4924 38.9711 -254.404 -0.13661 -0.15 0.979203 0 -1 0
145.199 44.1673 210.871 -0.558871 -0.17 -0.811642 0 -1 0
-248.58 49.3634 -57.1959 0.956784 -0.19 0.220147 0 -1 0
221.007 54.5596 -125.216 -0.850658 -0.21 0.481956 0 -1 0
-78.0203 59.7558 240.504 0.3003 -0.23 -0.9257 0 -1 0
-104.395 64.9519 -228.873 0.401817 -0.25 0.880933 0 -1 0
230.291 70.148 97.6997 -0.886391 -0.27 -0.376046 0 -1 0
-234.376 75.3442 83.0127 0.902114 -0.29 -0.319516 0 -1 0
115.98 80.5403 -218.087 -0.446407 -0.31 0.839417 0 -1 0
61.3563 85.7365 237.455 -0.236161 -0.33 -0.913963 0 -1 0
-204.065 90.9326 -132.622 0.785447 -0.35 0.510463 0 -1 0
238.078 96.1288 -39.7225 -0.916365 -0.37 0.152892 0 -1 0
-147.404 101.325 188.428 0.567359 -0.39 -0.725261 0 -1 0
-18.414 106.521 -236.25 0.0708757 -0.41 0.909328 0 -1 0
171.405 111.717 160.123 -0.659739 -0.43 -0.616315 0 -1 0
-232.005 116.913 -2.2626 0.892986 -0.45 0.00870874 0 -1 0
170.599 122.11 -153.249 -0.656634 -0.47 0.589857 0 -1 0
-21.9995 127.306 225.409 0.084676 -0.49 -0.8676 0 -1 0
-134.238 132.502 -178.671 0.516681 -0.51 0.687707 0 -1 0
216.564 137.698 40.4891 -0.833555 -0.53 -0.155843 0 -1 0
-184.207 142.894 114.669 0.709013 -0.55 -0.441363 0 -1 0
57.4255 148.09 -205.6 -0.221031 -0.57 0.791357 0 -1 0
94.864 153.286 187.094 -0.365132 -0.59 -0.720124 0 -1 0
-192.682 158.483 -72.5047 0.741633 -0.61 0.279071 0 -1 0
187.243 163.679 -75.1622 -0.720698 -0.63 0.289299 0 -1 0
-85.4229 168.875 178 0.328793 -0.65 -0.685124 0 -1 0
-55.9255 174.071 -184.585 0.215257 -0.67 0.710468 0 -1 0
161.777 179.267 95.8728 -0.622678 -0.69 -0.369014 0 -1 0
-179.064 184.463 37.5396 0.689219 -0.71 -0.14449 0 -1 0
103.535 189.66 -144.256 -0.398505 -0.73 0.555242 0 -1 0
20.4208 194.856 170.629 -0.0785995 -0.75 -0.656751 0 -1 0
-125.707 200.052 -108.06 0.483846 -0.77 0.415925 0 -1 0
159.21 205.248 -5.02874 -0.612801 -0.79 0.0193556 0 -1 0
-109.04 210.444 106.412 0.419694 -0.81 -0.409581 0 -1 0
8.1054 215.64 -144.684 -0.0311977 -0.83 0.55689 0 -1 0
86.6596 220.836 105.931 -0.333553 -0.85 -0.407728 0 -1 0
-126.782 226.033 -18.3192 0.487984 -0.87 0.0705106 0 -1 0
97.8959 231.229 -66.7056 -0.376802 -0.89 0.25675 0 -1 0
-24.6663 236.425 104.856 0.0949405 -0.91 -0.403592 0 -1 0
-46.6689 241.621 -83.3143 0.179629 -0.93 0.320677 0 -1 0
77.0433 246.817 25.4084 -0.29654 -0.95 -0.0977968 0 -1 0
-57.5919 252.013 25.9312 0.221671 -0.97 -0.0998093 0 -1 0
14.478 257.21 -33.6697 -0.0557259 -0.99 0.129595 0 -1 0
